139
112
49
118
124
48
124
118
138
112
105
118
124
48
37
37
59
106
134
118
58
24
102
80
42
101
117
61
44
30
103
5
137
113
113
113
129
48
131
33
42
128
90
61
125
108
122
110
132
132
133
61
132
98
127
98
42
61
45
61
42
30
43
39
136
120
49
120
44
120
49
37
135
128
107
107
108
108
37
37
60
106
100
106
44
47
44
5
60
106
117
5
44
10
5
5
119
128
115
115
111
108
116
109
128
128
89
128
108
108
86
85
132
106
104
114
44
23
15
15
42
128
63
114
7
7
122
15
57
112
99
118
124
24
96
79
105
72
105
107
21
21
105
76
55
54
95
94
55
24
78
77
103
54
117
103
55
24
117
19
119
119
133
115
9
21
131
98
41
21
45
43
21
21
41
39
104
133
104
133
127
98
127
98
45
114
43
41
122
39
122
39
60
120
27
115
111
75
74
73
11
72
107
107
76
75
74
73
60
60
8
25
60
24
134
80
60
11
103
114
122
71
122
38
119
119
115
115
9
20
116
109
119
128
90
114
20
20
122
130
119
114
104
115
111
29
122
29
63
114
63
114
122
126
122
93
121
101
49
118
129
48
33
33
121
121
121
121
121
125
121
84
59
101
123
101
58
47
127
35
121
101
117
35
10
30
35
35
129
125
123
113
129
125
131
33
121
125
89
83
129
125
82
13
132
101
123
123
129
30
127
35
42
30
90
61
30
30
35
35
56
120
89
46
23
47
46
46
121
72
90
52
92
91
36
2
59
23
102
25
47
23
25
25
10
10
89
97
10
10
65
17
9
92
90
110
111
91
86
85
89
92
90
84
91
92
83
82
132
7
63
0
9
7
97
65
63
7
89
17
7
7
0
97
53
11
100
46
131
48
131
46
121
72
105
52
121
36
2
52
54
101
99
96
55
24
127
79
54
11
103
4
71
38
4
71
123
116
131
109
111
116
131
109
121
20
45
81
20
20
131
70
123
123
123
123
127
29
127
29
43
30
41
88
127
30
127
87
72
11
46
46
9
46
46
46
72
11
36
2
52
36
2
52
60
47
95
25
23
47
25
25
63
72
63
38
4
71
38
4
111
116
109
116
9
109
116
109
111
20
90
69
9
20
68
67
119
29
63
29
111
29
29
29
63
51
63
34
32
31
28
22
